%YAML:1.0
---
K: !!opencv-matrix
   rows: 3
   cols: 3
   dt: d
   data: [ 4.6305818439708611e+02, 0., 3.2773274813730893e+02, 0.,
       4.6289212117998352e+02, 1.7942919472910793e+02, 0., 0., 1. ]
D: !!opencv-matrix
   rows: 1
   cols: 5
   dt: d
   data: [ 1.1150513886978272e-01, -1.8208255190184594e-01,
       -8.5029424554954340e-04, -3.5362978580491007e-04,
       6.5136011035249004e-03 ]
board_width: 9
board_height: 6
square_size: 2.4229999631643295e-02
