%YAML:1.0
---
K: !!opencv-matrix
   rows: 3
   cols: 3
   dt: d
   data: [ 4.6273789754727323e+02, 0., 3.1460892801980776e+02, 0.,
       4.6275673937824655e+02, 1.8744922509440113e+02, 0., 0., 1. ]
D: !!opencv-matrix
   rows: 1
   cols: 5
   dt: d
   data: [ 1.1595933113983499e-01, -2.0354972001742561e-01,
       -1.6963049943406288e-03, -2.2177310509919955e-03,
       9.6003993745392702e-03 ]
board_width: 9
board_height: 6
square_size: 2.4229999631643295e-02
