%YAML:1.0
---
K1: !!opencv-matrix
   rows: 3
   cols: 3
   dt: d
   data: [ 4.6273789754727323e+02, 0., 3.1460892801980776e+02, 0.,
       4.6275673937824655e+02, 1.8744922509440113e+02, 0., 0., 1. ]
K2: !!opencv-matrix
   rows: 3
   cols: 3
   dt: d
   data: [ 4.6305818439708611e+02, 0., 3.2773274813730893e+02, 0.,
       4.6289212117998352e+02, 1.7942919472910793e+02, 0., 0., 1. ]
D1: !!opencv-matrix
   rows: 1
   cols: 5
   dt: d
   data: [ 1.1595933113983499e-01, -2.0354972001742561e-01,
       -1.6963049943406288e-03, -2.2177310509919955e-03,
       9.6003993745392702e-03 ]
D2: !!opencv-matrix
   rows: 1
   cols: 5
   dt: d
   data: [ 1.1150513886978272e-01, -1.8208255190184594e-01,
       -8.5029424554954340e-04, -3.5362978580491007e-04,
       6.5136011035249004e-03 ]
R: !!opencv-matrix
   rows: 3
   cols: 3
   dt: d
   data: [ 9.9975879829966896e-01, -9.3011185376477325e-03,
       1.9895587861393223e-02, 9.4457489463752944e-03,
       9.9992955354647950e-01, -7.1878905932232090e-03,
       -1.9827330865344477e-02, 7.3740855898695949e-03,
       9.9977622486857998e-01 ]
T: [ -9.3991648365976024e-02, -8.6922411786149057e-04,
    2.2851693419653676e-03 ]
E: !!opencv-matrix
   rows: 3
   cols: 3
   dt: d
   data: [ -4.3507417231815382e-06, -2.2914180929314220e-03,
       -8.5260405990324770e-04, 4.2101464450322010e-04,
       6.7184782885541545e-04, 9.4016080159931778e-02,
       -1.8807053994701527e-05, -9.3993111744244115e-02,
       6.9289540993949794e-04 ]
F: !!opencv-matrix
   rows: 3
   cols: 3
   dt: d
   data: [ -8.1306222709862336e-09, -4.2820046762039091e-06,
       6.7918607902109032e-05, 7.8707018456087165e-07,
       1.2559417374839955e-06, 8.0847460122073916e-02,
       -1.5483354163915296e-04, -8.0156422731867474e-02, 1. ]
R1: !!opencv-matrix
   rows: 3
   cols: 3
   dt: d
   data: [ 9.9998995369517052e-01, -2.3308669529783111e-04,
       -4.4764024979068026e-03, 2.1683922772562054e-04,
       9.9999338902077484e-01, -3.6297238868654453e-03,
       4.4772189448485109e-03, 3.6287167618921758e-03,
       9.9998339332470010e-01 ]
R2: !!opencv-matrix
   rows: 3
   cols: 3
   dt: d
   data: [ 9.9966186172580784e-01, 9.2447596677412373e-03,
       -2.4304251265524754e-02, -9.1564856129146416e-03,
       9.9995108130006360e-01, 3.7408258519044534e-03,
       2.4337645369109637e-02, -3.5170194084614159e-03,
       9.9969760907604854e-01 ]
P1: !!opencv-matrix
   rows: 3
   cols: 4
   dt: d
   data: [ 4.6282443027911506e+02, 0., 3.2999811935424805e+02, 0., 0.,
       4.6282443027911506e+02, 1.8296476554870605e+02, 0., 0., 0., 1.,
       0. ]
P2: !!opencv-matrix
   rows: 3
   cols: 4
   dt: d
   data: [ 4.6282443027911506e+02, 0., 3.2999811935424805e+02,
       -4.3516345647994349e+01, 0., 4.6282443027911506e+02,
       1.8296476554870605e+02, 0., 0., 0., 1., 0. ]
Q: !!opencv-matrix
   rows: 4
   cols: 4
   dt: d
   data: [ 1., 0., 0., -3.2999811935424805e+02, 0., 1., 0.,
       -1.8296476554870605e+02, 0., 0., 0., 4.6282443027911506e+02, 0.,
       0., 1.0635645603675512e+01, 0. ]
