%YAML:1.0
---
K: !!opencv-matrix
   rows: 3
   cols: 3
   dt: d
   data: [ 2.7184742915795700e+03, 0., 9.5948863502485960e+02, 0.,
       2.8004891831567425e+03, 5.3950754288437429e+02, 0., 0., 1. ]
D: !!opencv-matrix
   rows: 1
   cols: 5
   dt: d
   data: [ -2.2825507786583286e-04, -1.6307693739528659e-02,
       -7.3615116881981733e-05, 7.5837867313534942e-05,
       -2.9179681022305537e-01 ]
board_width: 7
board_height: 4
square_size: 5.0000000745058060e-02
