%YAML:1.0
---
K: !!opencv-matrix
   rows: 3
   cols: 3
   dt: d
   data: [ 2.1407536697277137e+03, 0., 9.8886164246417138e+02, 0.,
       2.1220883141907138e+03, 5.5282815707306600e+02, 0., 0., 1. ]
D: !!opencv-matrix
   rows: 1
   cols: 5
   dt: d
   data: [ -3.0050947410939255e-01, 6.3222373078265315e-01,
       -3.4198514326629580e-04, -5.1033524177100859e-04,
       -1.8203149807479828e+00 ]
board_width: 7
board_height: 4
square_size: 5.0000000745058060e-02
