%YAML:1.0
---
K1: !!opencv-matrix
   rows: 3
   cols: 3
   dt: d
   data: [ 2.7184742915795700e+03, 0., 9.5948863502485960e+02, 0.,
       2.8004891831567425e+03, 5.3950754288437429e+02, 0., 0., 1. ]
K2: !!opencv-matrix
   rows: 3
   cols: 3
   dt: d
   data: [ 2.1407536697277137e+03, 0., 9.8886164246417138e+02, 0.,
       2.1220883141907138e+03, 5.5282815707306600e+02, 0., 0., 1. ]
D1: !!opencv-matrix
   rows: 1
   cols: 5
   dt: d
   data: [ -2.2825507786583286e-04, -1.6307693739528659e-02,
       -7.3615116881981733e-05, 7.5837867313534942e-05,
       -2.9179681022305537e-01 ]
D2: !!opencv-matrix
   rows: 1
   cols: 5
   dt: d
   data: [ -3.0050947410939255e-01, 6.3222373078265315e-01,
       -3.4198514326629580e-04, -5.1033524177100859e-04,
       -1.8203149807479828e+00 ]
R_vec: [ 6.2756722238724973e-03, 5.1660988481476385e-02,
    1.1297182386479693e-03 ]
T: [ -9.7119573916886248e-01, -1.0406044095112829e-01,
    -1.3080875575441264e+00 ]
E: !!opencv-matrix
   rows: 3
   cols: 3
   dt: d
   data: [ 7.0621702051179135e-03, 1.3074051796438853e+00,
       -1.1208682154934989e-01, -1.3564884028697930e+00,
       7.3855935025577794e-03, 9.0232970020380299e-01,
       1.0266746362710223e-01, -9.7127664018098081e-01,
       1.1437626581581034e-02 ]
F: !!opencv-matrix
   rows: 3
   cols: 3
   dt: d
   data: [ -4.3593646497217505e-08, -7.8340538017120088e-06,
       6.1492548094835894e-03, 8.4470360257959487e-06,
       -4.4644194617975037e-08, -2.3355662136612495e-02,
       -5.9833535328575440e-03, 2.0230556311334757e-02, 1. ]
R1: !!opencv-matrix
   rows: 3
   cols: 3
   dt: d
   data: [ 5.5281910559136382e-01, 6.8214897068504560e-02,
       8.3050452395582874e-01, -6.4440734240674993e-02,
       9.9715881497808700e-01, -3.9008838511546177e-02,
       -8.3080589084556145e-01, -3.1953490097804939e-02,
       5.5564426228197694e-01 ]
R2: !!opencv-matrix
   rows: 3
   cols: 3
   dt: d
   data: [ 5.9490350372175582e-01, 6.3741960990927993e-02,
       8.0126573848418725e-01, -6.7333577643865203e-02,
       9.9729889450941578e-01, -2.9344579260482773e-02,
       -8.0097191622506736e-01, -3.6494895798292029e-02,
       5.9758858088104005e-01 ]
P1: !!opencv-matrix
   rows: 3
   cols: 4
   dt: d
   data: [ 2.4612887486737282e+03, 0., -5.2801349792480469e+03, 0., 0.,
       2.4612887486737282e+03, 8.4468102264404297e+02, 0., 0., 0., 1.,
       0. ]
P2: !!opencv-matrix
   rows: 3
   cols: 4
   dt: d
   data: [ 2.4612887486737282e+03, 0., -5.2801349792480469e+03,
       -4.0181191245668042e+03, 0., 2.4612887486737282e+03,
       8.4468102264404297e+02, 0., 0., 0., 1., 0. ]
Q: !!opencv-matrix
   rows: 4
   cols: 4
   dt: d
   data: [ 1., 0., 0., 5.2801349792480469e+03, 0., 1., 0.,
       -8.4468102264404297e+02, 0., 0., 0., 2.4612887486737282e+03, 0.,
       0., 6.1254748113996771e-01, 0. ]
